global_step = 0
valid_eval_accuracy = 0.8918953577840472
valid_eval_loss = 0.38219008285481976
