global_step = 1816
valid_eval_accuracy = 0.7796870992562196
valid_eval_loss = 0.7678305360616422
