global_step = 1816
valid_eval_accuracy = 0.7831495255193639
valid_eval_loss = 0.7451042994564655
