global_step = 1784
valid_eval_accuracy = 0.904719158758656
valid_eval_loss = 0.3635903594066512
