global_step = 0
valid_eval_accuracy = 0.8894588355988715
valid_eval_loss = 0.4138393168741802
