global_step = 1836
valid_eval_accuracy = 0.8909976917158245
valid_eval_loss = 0.38525869992544065
