global_step = 1786
valid_eval_accuracy = 0.9022826365734804
valid_eval_loss = 0.3647072413619959
