global_step = 1814
valid_eval_accuracy = 0.7772505770710438
valid_eval_loss = 0.758124779252445
