global_step = 0
valid_eval_accuracy = 0.9036932546806874
valid_eval_loss = 0.36484357391325933
