global_step = 1836
valid_eval_accuracy = 0.8985637342908438
valid_eval_loss = 0.37625753949835616
